              precision    recall  f1-score   support

           0       1.00      0.98      0.99     17029
           1       0.26      0.91      0.41        11
           2       0.98      1.00      0.99      1119
           3       0.64      0.98      0.77        90
           4       0.95      0.99      0.97      1503
           5       0.91      1.00      0.95        39
           6       0.80      0.96      0.87        46
           7       0.98      1.00      0.99        51
           8       0.34      0.75      0.47        16
           9       0.77      0.86      0.81        28
          10       0.07      0.42      0.12        12
          11       0.09      0.67      0.15         6

    accuracy                           0.98     19950
   macro avg       0.65      0.87      0.71     19950
weighted avg       0.99      0.98      0.99     19950
