              precision    recall  f1-score   support

           0       1.00      0.97      0.98     17029
           1       0.07      0.91      0.13        11
           2       1.00      1.00      1.00      1119
           3       0.94      0.99      0.96        90
           4       0.98      0.99      0.99      1503
           5       0.94      0.87      0.91        39
           6       1.00      1.00      1.00        46
           7       1.00      1.00      1.00        51
           8       0.88      0.88      0.88        16
           9       0.60      0.86      0.71        28
          10       0.01      0.17      0.01        12
          11       0.07      1.00      0.13         6

    accuracy                           0.97     19950
   macro avg       0.71      0.89      0.72     19950
weighted avg       0.99      0.97      0.98     19950
