              precision    recall  f1-score   support

           0       0.99      0.56      0.72     17029
           1       0.01      0.64      0.01        11
           2       0.43      0.92      0.59      1119
           3       0.04      0.68      0.08        90
           4       0.79      0.89      0.83      1503
           5       0.02      0.95      0.04        39
           6       0.12      0.50      0.19        46
           7       0.03      0.29      0.05        51
           8       0.00      0.06      0.00        16
           9       0.05      0.86      0.09        28
          10       0.02      0.08      0.03        12
          11       0.00      0.00      0.00         6

    accuracy                           0.61     19950
   macro avg       0.21      0.54      0.22     19950
weighted avg       0.93      0.61      0.71     19950
